#Columns 1-4 represent the chrom, start, end, and name of the lncRNA. Columns 5-7 represent the chrom, start, and end of the block that overlaps with the lncRNA. Column 8 represents the length of the overlap between the lncRNA and this block.
13 68362469 68370643 TCONS_00006593 13 68354719 68370242 7773
13 68362469 68370643 TCONS_00006593 13 68370352 68370666 291
1 999569 1001133 TCONS_00000050 1 1000113 1009875 1020
1 999569 1001133 TCONS_00000050 1 999256 999890 321
13 69227155 69263308 TCONS_00006602 13 69251622 69251779 157
13 69227155 69263308 TCONS_00006602 13 69252995 69254008 1013
13 69227155 69263308 TCONS_00006602 13 69260543 69260676 133
13 69227155 69263308 TCONS_00006602 13 69260784 69265146 2524
13 69227155 69263308 TCONS_00006602 13 69217186 69260429 33274
13 69781083 69783817 TCONS_00006092 13 69782004 69790232 1813
13 69781083 69783817 TCONS_00006092 13 69776307 69781720 637
13 69781110 69803342 TCONS_00006093 13 69782004 69790232 8228
13 69781110 69803342 TCONS_00006093 13 69790233 69795262 5029
13 69781110 69803342 TCONS_00006093 13 69797434 69801917 4483
13 69781110 69803342 TCONS_00006093 13 69802027 69804428 1315
13 69781110 69803342 TCONS_00006093 13 69776307 69781720 610
13 69781110 69803342 TCONS_00006093 13 69795548 69797146 1598
13 70393642 70423255 TCONS_00006619 13 70391944 70394412 770
13 70393642 70423255 TCONS_00006619 13 70394697 70396850 2153
13 70393642 70423255 TCONS_00006619 13 70396851 70399433 2582
13 70393642 70423255 TCONS_00006619 13 70402904 70405831 2927
13 70393642 70423255 TCONS_00006619 13 70405960 70413492 7532
13 70393642 70423255 TCONS_00006619 13 70418755 70434359 4500
13 70393642 70423255 TCONS_00006619 13 70400744 70402620 1876
13 70393642 70423255 TCONS_00006619 13 70413493 70418611 5118
13 72243906 72261501 TCONS_00006102 13 72234597 72250812 6906
13 72243906 72261501 TCONS_00006102 13 72251699 72265075 9802
13 72251740 72259374 TCONS_00006103 13 72251699 72265075 7634
13 70124215 70144438 TCONS_00006607 13 70142534 70142706 172
13 70124215 70144438 TCONS_00006607 13 70139804 70142463 2659
13 70124132 70144438 TCONS_00006606 13 70142534 70142706 172
13 70124132 70144438 TCONS_00006606 13 70139804 70142463 2659
13 70160467 70180849 TCONS_00006608 13 70163107 70167037 3930
13 70160467 70180849 TCONS_00006608 13 70167286 70168177 891
13 70160467 70180849 TCONS_00006608 13 70168325 70172332 4007
13 70160467 70180849 TCONS_00006608 13 70155261 70162918 2451
13 70160467 70180849 TCONS_00006608 13 70172333 70187358 8516
13 70166557 70180849 TCONS_00006610 13 70163107 70167037 480
13 70166557 70180849 TCONS_00006610 13 70167286 70168177 891
13 70166557 70180849 TCONS_00006610 13 70168325 70172332 4007
13 70166557 70180849 TCONS_00006610 13 70172333 70187358 8516
13 70272115 70279208 TCONS_00006613 13 70276844 70279232 2364
13 70272115 70279208 TCONS_00006613 13 70262744 70276843 4728
1 999973 1001133 TCONS_00000055 1 1000113 1009875 1020
13 72636703 72652768 TCONS_00006626 13 72637910 72639570 1660
13 72636703 72652768 TCONS_00006626 13 72639571 72646200 6629
13 72636703 72652768 TCONS_00006626 13 72626383 72637625 922
13 72636703 72652768 TCONS_00006626 13 72646201 72647941 1740
13 72636703 72652768 TCONS_00006626 13 72648850 72701888 3918
